Number Plate OCR Evaluation
============================

Total Images Checked: 875
Accuracy: 0.1909

Detailed Classification Report:
                      precision    recall  f1-score   support

                           0.00      0.00      0.00         0
         '™N74AH1413       0.00      0.00      0.00         0
           214CE3103       0.00      0.00      0.00         0
          21BH0001AA       0.00      0.00      0.00         1
           22BH1427B       0.00      0.00      0.00         1
           22BH1757C       1.00      1.00      1.00         1
           22BH2808F       0.00      0.00      0.00         1
          22BH2808FI       0.00      0.00      0.00         0
           22BH4555D       0.00      0.00      0.00         1
           22BH8092E       1.00      1.00      1.00         1
   234.JPGRJ14YC3009       0.00      0.00      0.00         1
   235.JPGRJ14CN6419       0.00      0.00      0.00         1
   237.JPGRJ148C5315       0.00      0.00      0.00         1
   239.JPGRJ14CQ3981       0.00      0.00      0.00         1
   240.JPGRJ14QC9673       0.00      0.00      0.00         1
   241.JPGRJ14UD2000       0.00      0.00      0.00         1
   242.JPGRJ45CK1303       0.00      0.00      0.00         1
   243.JPGRJ45CL6966       0.00      0.00      0.00         1
   244.JPGRJ14VC3804       0.00      0.00      0.00         1
   246.JPGRJ14UH7714       0.00      0.00      0.00         1
   247.JPGRJ14LC5540       0.00      0.00      0.00         1
   248.JPGRJ45CJ3253       0.00      0.00      0.00         1
   249.JPGRJ14CP6854       0.00      0.00      0.00         1
         24BH0001AA|       0.00      0.00      0.00         0
   250.JPGRJ45CL3942       0.00      0.00      0.00         1
   251.JPGRJ45CH2013       0.00      0.00      0.00         1
   252.JPGRJ45CN0760       0.00      0.00      0.00         1
   253.JPGRJ14CF9305       0.00      0.00      0.00         1
   254.JPGRJ14TE0155       0.00      0.00      0.00         1
   255.JPGRJ14CC6396       0.00      0.00      0.00         1
   256.JPGRJ45CH4653       0.00      0.00      0.00         1
   257.JPGRJ45CJ5975       0.00      0.00      0.00         1
   258.JPGRJ45CJ3755       0.00      0.00      0.00         1
   259.JPGRJ14UJ7600       0.00      0.00      0.00         1
   260.JPGRJ45CL7457       0.00      0.00      0.00         1
   261.JPGRJ45CD0019       0.00      0.00      0.00         1
   262.JPGRJ14CE1623       0.00      0.00      0.00         1
   263.JPGRJ45CM1052       0.00      0.00      0.00         1
   264.JPGDL1RTA0784       0.00      0.00      0.00         1
   265.JPGRJ14CP6297       0.00      0.00      0.00         1
   266.JPGRJ14UE9133       0.00      0.00      0.00         1
   267.JPGRJ13CD5961       0.00      0.00      0.00         1
   268.JPGRJ20CB6596       0.00      0.00      0.00         1
   269.JPGRJ05UA1774       0.00      0.00      0.00         1
   270.JPGRJ14CY9059       0.00      0.00      0.00         1
   271.JPGRJ45CS8071       0.00      0.00      0.00         1
   272.JPGRJ14QC5050       0.00      0.00      0.00         1
   273.JPGHR26AX0894       0.00      0.00      0.00         1
   274.JPGRJ14CJ0098       0.00      0.00      0.00         1
   275.JPGRJ45CN5353       0.00      0.00      0.00         1
   276.JPGRJ45CK5945       0.00      0.00      0.00         1
   277.JPGRJ45CD4649       0.00      0.00      0.00         1
   278.JPGRJ14VC1636       0.00      0.00      0.00         1
   279.JPGRJ14CV3353       0.00      0.00      0.00         1
           27BH45550       0.00      0.00      0.00         0
    280.JPGHR19R0727       0.00      0.00      0.00         1
   281.JPGRJ14NC5490       0.00      0.00      0.00         1
   282.JPGRJ01CB5131       0.00      0.00      0.00         1
   283.JPGRJ14CV7829       0.00      0.00      0.00         1
   284.JPGRJ14CR3822       0.00      0.00      0.00         1
   285.JPGRJ14CE8657       0.00      0.00      0.00         1
   286.JPGRJ45CN4075       0.00      0.00      0.00         1
   287.JPGRJ13CC9939       0.00      0.00      0.00         1
   288.JPGRJ45CF8419       0.00      0.00      0.00         1
    289.JPGRJ42C4092       0.00      0.00      0.00         1
   290.JPGRJ45CL9939       0.00      0.00      0.00         1
   291.JPGRJ34CA6874       0.00      0.00      0.00         1
   292.JPGRJ14AC6424       0.00      0.00      0.00         1
   293.JPGKL07BZ7434       0.00      0.00      0.00         1
          59450)1430       0.00      0.00      0.00         0
          6J06HD3977       0.00      0.00      0.00         0
           6J38B5194       0.00      0.00      0.00         0
         9744002563,       0.00      0.00      0.00         0
               :HACE       0.00      0.00      0.00         0
            AECA3067       0.00      0.00      0.00         0
           AJACE9904       0.00      0.00      0.00         0
          AR26EL3553       0.00      0.00      0.00         0
              ASA809       0.00      0.00      0.00         0
                  AT       0.00      0.00      0.00         0
          AY14C17372       0.00      0.00      0.00         0
          AYIACZ3493       0.00      0.00      0.00         0
            BICI539)       0.00      0.00      0.00         0
               BITEP       0.00      0.00      0.00         0
          BLSCAEZ578       0.00      0.00      0.00         0
          BR01BS2863       0.00      0.00      0.00         1
           BR06Z9436       1.00      1.00      1.00         1
          BRO1BS2863       0.00      0.00      0.00         0
          B{4CE8203:       0.00      0.00      0.00         0
          CH01AE1388       0.00      0.00      0.00         1
          CH01BC3322       0.00      0.00      0.00         1
          CH01BS7602       0.00      0.00      0.00         1
          CH01CL9367       0.00      0.00      0.00         1
         CHO1BS7602}       0.00      0.00      0.00         0
         CHO1CL9367|       0.00      0.00      0.00         0
          CHOTAE1388       0.00      0.00      0.00         0
           DD03K2453       0.00      0.00      0.00         1
          DL10CG4693       1.00      1.00      1.00         1
          DL10CH2019       0.00      0.00      0.00         1
          DL10CL4804       0.00      0.00      0.00         1
          DL10CL8288       1.00      1.00      1.00         1
          DL11CK0001       0.00      0.00      0.00         1
          DL12CG6648       1.00      1.00      1.00         1
          DL12CK5377       1.00      1.00      1.00         1
          DL1CAF0461       0.00      0.00      0.00         1
           DL1CZ5821       0.00      0.00      0.00         1
          DL2CAY9702       0.00      0.00      0.00         1
         DL2CAY9702|       0.00      0.00      0.00         0
         DL2CAZ1272|       0.00      0.00      0.00         0
          DL2CAZ6941       1.00      1.00      1.00         1
          DL3CAE2296       0.00      0.00      0.00         1
          DL3CAE4578       0.00      0.00      0.00         1
          DL3CAY2231       1.00      1.00      1.00         1
          DL3CAY9324       0.00      0.00      0.00         1
         DL3CAY9324|       0.00      0.00      0.00         0
          DL3CBE8982       1.00      1.00      1.00         1
          DL3CBM6316       0.00      0.00      0.00         1
          DL3CCCE916       0.00      0.00      0.00         0
          DL3CCN9767       0.00      0.00      0.00         1
          DL3CCT3765       1.00      1.00      1.00         1
          DL3CCU4412       0.00      0.00      0.00         1
         DL3CCU4412}       0.00      0.00      0.00         0
          DL3CCU5010       0.00      0.00      0.00         1
         DL3CCU5010|       0.00      0.00      0.00         0
           DL5CK4795       0.00      0.00      0.00         2
           DL5CU3816       0.00      0.00      0.00         1
          DL6CAB123X       1.00      1.00      1.00         1
           DL6CR6491       0.00      0.00      0.00         1
           DL6CS9118       0.00      0.00      0.00         1
           DL6CS9486       1.00      1.00      1.00         1
          DL7009771)       0.00      0.00      0.00         0
           DL7CJ4515       1.00      1.00      1.00         1
           DL7CJ7592       0.00      0.00      0.00         1
           DL7CQ9771       0.00      0.00      0.00         1
          DL8CAK3382       0.00      0.00      0.00         1
          DL8CAR7828       1.00      1.00      1.00         1
          DL8CBB3906       0.00      0.00      0.00         1
          DL9CA09338       0.00      0.00      0.00         0
          DL9CAQ9338       0.00      0.00      0.00         1
DL9CAQ9338DL2CAZ1272       0.00      0.00      0.00         1
          DL9CAS7798       0.00      0.00      0.00         1
          DL9CAT6251       0.00      0.00      0.00         1
           DL9CS7623       0.00      0.00      0.00         1
           DL9CW1839       0.00      0.00      0.00         1
          DL9CW1839)       0.00      0.00      0.00         0
           DLCAC2922       0.00      0.00      0.00         1
         DLICACZ922|       0.00      0.00      0.00         0
         DLSCAS7798)       0.00      0.00      0.00         0
           DLSCK4795       0.00      0.00      0.00         0
          DLSCK4795,       0.00      0.00      0.00         0
           DREESTTS.       0.00      0.00      0.00         0
            E:15>O53       0.00      0.00      0.00         0
        EINO7BY5200)       0.00      0.00      0.00         0
          EJ14UE7081       0.00      0.00      0.00         1
               ESCHO       0.00      0.00      0.00         0
          FL3CCC6916       0.00      0.00      0.00         1
         FMHO3BS7778       0.00      0.00      0.00         0
           G17T0214.       0.00      0.00      0.00         0
          GJ01HX1989       0.00      0.00      0.00         1
          GJ01HX6515       0.00      0.00      0.00         1
          GJ01MW7581       0.00      0.00      0.00         1
          GJ01WB2816       1.00      1.00      1.00         1
          GJ05JD9759       0.00      0.00      0.00         1
          GJ06MD3977       0.00      0.00      0.00         1
           GJ17TC214       0.00      0.00      0.00         1
           GJ38B5194       0.00      0.00      0.00         1
          GJOTHX1989       0.00      0.00      0.00         0
          GJOTHX6515       0.00      0.00      0.00         0
           H36AJ8917       0.00      0.00      0.00         1
          HH20BY£265       0.00      0.00      0.00         0
          HL3CAE2296       0.00      0.00      0.00         0
           HP12J4688       0.00      0.00      0.00         1
           HP40B5342       0.00      0.00      0.00         1
           HP40B53Z2       0.00      0.00      0.00         0
           HP53B4385       1.00      1.00      1.00         1
           HP63B6147       1.00      1.00      1.00         1
          HR06AG2896       0.00      0.00      0.00         1
          HR12AC0013       1.00      1.00      1.00         1
          HR20AL0220       0.00      0.00      0.00         1
         HR20AL0220'       0.00      0.00      0.00         0
          HR20AT1887       0.00      0.00      0.00         1
        HR26.BR9044]       0.00      0.00      0.00         0
          HR260N1123       0.00      0.00      0.00         0
          HR26BL9742       1.00      0.50      0.67         2
          HR26BR9044       0.00      0.00      0.00         1
          HR26BT4847       0.00      0.00      0.00         1
          HR26BY0675       0.00      0.00      0.00         1
          HR26CC6483       0.00      0.00      0.00         1
          HR26DK6475       1.00      1.00      1.00         1
          HR26DN1123       0.00      0.00      0.00         1
          HR26EL3553       0.00      0.00      0.00         2
         HR26EL3553.       0.00      0.00      0.00         0
          HR26EM1198       1.00      1.00      1.00         1
          HR29AC4708       1.00      1.00      1.00         1
          HR29AE6821       0.00      0.00      0.00         1
         HR29AE6821)       0.00      0.00      0.00         0
          HR2GAX0894       0.00      0.00      0.00         0
           HR35J2160       0.00      0.00      0.00         1
           HR35K8821       1.00      1.00      1.00         1
           HR35P$801       0.00      0.00      0.00         0
           HR35P9801       0.00      0.00      0.00         1
          HR36AJ6093       0.00      0.00      0.00         1
          HR36AJ8917       0.00      0.00      0.00         1
          HR3GAI8917       0.00      0.00      0.00         0
          HR51AS8307       0.00      0.00      0.00         0
          HR51AS8367       0.00      0.00      0.00         1
          HR51AT0502       1.00      1.00      1.00         1
          HR51BG0034       0.00      0.00      0.00         1
          HR51BZ9330       0.00      0.00      0.00         1
         HR51BZ9330)       0.00      0.00      0.00         0
            HR696969       0.00      0.00      0.00         1
           HR75A9345       0.00      0.00      0.00         1
           HROGAGEGG       0.00      0.00      0.00         0
           HRS1BC00E       0.00      0.00      0.00         0
          HRSBAIES17       0.00      0.00      0.00         0
                 IR,       0.00      0.00      0.00         0
         IRYTHCD3799       0.00      0.00      0.00         0
          JH01AK7059       0.00      0.00      0.00         1
          JH01BJ1494       0.00      0.00      0.00         1
          JH05AW0501       0.00      0.00      0.00         1
          JH10BD0294       1.00      1.00      1.00         1
         JHO1AK7059)       0.00      0.00      0.00         0
          JHOIBJ1492       0.00      0.00      0.00         0
          JHOSAWO501       0.00      0.00      0.00         0
          JK02CF6225       0.00      0.00      0.00         1
         JKO2CF6225)       0.00      0.00      0.00         0
               JOTTA       0.00      0.00      0.00         0
          KA09MB2792       1.00      1.00      1.00         1
          KA09MB7621       0.00      0.00      0.00         1
          KA20MA8155       0.00      0.00      0.00         1
           KA21M5519       0.00      0.00      0.00         1
            KA29Z999       0.00      0.00      0.00         1
           KA29Z999:       0.00      0.00      0.00         0
          KA51AA3469       0.00      0.00      0.00         1
         KAOSMB7621)       0.00      0.00      0.00         0
          KL'57E9874       0.00      0.00      0.00         0
           KL01AU585       0.00      0.00      0.00         1
          KL01KLKL01       0.00      0.00      0.00         1
          KL04AQ8793       0.00      0.00      0.00         1
          KL05AK3300       0.00      0.00      0.00         1
           KL06H5834       0.00      0.00      0.00         1
          KL07BF5000       0.00      0.00      0.00         1
          KL07BZ7434       0.00      0.00      0.00         0
           KL16H0870       1.00      1.00      1.00         1
           KL16J3636       1.00      1.00      1.00         1
           KL25B2001       1.00      1.00      1.00         1
           KL26D4147       0.00      0.00      0.00         1
            KL31D777       0.00      0.00      0.00         1
           KL55R2473       1.00      1.00      1.00         1
           KL57E9874       0.00      0.00      0.00         1
        KLO4A087393'       0.00      0.00      0.00         0
         KLO5AK3300,       0.00      0.00      0.00         0
             LSSESS)       0.00      0.00      0.00         0
          MEESCKSE7E       0.00      0.00      0.00         0
           MH02AJ344       0.00      0.00      0.00         1
          MH02BK9793       0.00      0.00      0.00         1
          MH02BM5048       0.00      0.00      0.00         1
          MH03BS7778       0.00      0.00      0.00         1
          MH04DW8351       0.00      0.00      0.00         1
          MH04EE2299       0.00      0.00      0.00         1
          MH06AW8929       0.00      0.00      0.00         1
          MH12DE1433       0.00      0.00      0.00         1
          MH14BK7310       0.00      0.00      0.00         2
          MH14EH7958       0.00      0.00      0.00         1
          MH14GY0845       1.00      1.00      1.00         1
         MH14TCE460,       0.00      0.00      0.00         0
          MH14TCF460       0.00      0.00      0.00         1
          MH15BD8877       1.00      1.00      1.00         1
           MH15TC554       1.00      1.00      1.00         1
          MH20BY4465       0.00      0.00      0.00         1
           MH20CS1%1       0.00      0.00      0.00         0
          MH20CS1941       0.00      0.00      0.00         1
          MH20EE7598       0.00      0.00      0.00         1
         MH20EE7598|       0.00      0.00      0.00         0
          MH20EE7601       1.00      1.00      1.00         1
          MH20TC640B       0.00      0.00      0.00         1
          MH29AR2571       1.00      1.00      1.00         1
           MH46Z8892       0.00      0.00      0.00         1
          MHO2BM5048       0.00      0.00      0.00         0
          MHO4DW8351       0.00      0.00      0.00         0
                 MHS       0.00      0.00      0.00         0
        MMPPO7CF2374       0.00      0.00      0.00         0
          MP04CT7668       1.00      1.00      1.00         1
          MP07CF2374       0.00      0.00      0.00         1
          MP09CE0272       0.00      0.00      0.00         1
          MP09CJ7770       1.00      0.50      0.67         2
          MP20FA4229       1.00      1.00      1.00         1
           MP67C3014       1.00      1.00      1.00         1
         MPO09CE0272       0.00      0.00      0.00         0
          MPO9CJ7770       0.00      0.00      0.00         0
           N06AW8929       0.00      0.00      0.00         0
                 NES       0.00      0.00      0.00         0
          OD02AT8301       0.00      0.00      0.00         1
                  OE       0.00      0.00      0.00         0
          OLICAFO461       0.00      0.00      0.00         0
                  OU       0.00      0.00      0.00         0
          P145CS4737       0.00      0.00      0.00         0
          P172CA4092       0.00      0.00      0.00         0
          P1A5CM2647       0.00      0.00      0.00         0
             PACEEES       0.00      0.00      0.00         0
                 PAI       0.00      0.00      0.00         0
          PB02CS3246       0.00      0.00      0.00         1
       PB03AG[T]8979       0.00      0.00      0.00         1
          PB08BT9874       0.00      0.00      0.00         1
          PB08FB6596       0.00      0.00      0.00         1
          PIECEE3306       0.00      0.00      0.00         0
          PIN40C5959       0.00      0.00      0.00         0
         PJ14UCE714)       0.00      0.00      0.00         0
          PJA5CE6928       0.00      0.00      0.00         0
          PLICZ5821)       0.00      0.00      0.00         0
           PP03K2453       0.00      0.00      0.00         0
          PSIACVOZOY       0.00      0.00      0.00         0
          QJLLCA2231       0.00      0.00      0.00         0
          R114CC6396       0.00      0.00      0.00         0
          R144CM2566       0.00      0.00      0.00         0
           R14CG3958       0.00      0.00      0.00         0
        R3J1ZCL5038|       0.00      0.00      0.00         0
           R44108239       0.00      0.00      0.00         0
              RABCUS       0.00      0.00      0.00         0
          RASCU3O90!       0.00      0.00      0.00         0
          RB{1417995       0.00      0.00      0.00         0
                REPS       0.00      0.00      0.00         0
              RES1OI       0.00      0.00      0.00         0
                RG7Q       0.00      0.00      0.00         0
          RI14CV0301       0.00      0.00      0.00         0
          RI14UG9174       0.00      0.00      0.00         0
         RI1AUD1659!       0.00      0.00      0.00         0
         RI1AUD1659)       0.00      0.00      0.00         0
          RI23CC3290       0.00      0.00      0.00         0
         RI3ECA7O29)       0.00      0.00      0.00         0
         RI45CF9239}       0.00      0.00      0.00         0
             RIACTOS       0.00      0.00      0.00         0
           RIACY682°       0.00      0.00      0.00         0
           RIALCALS?       0.00      0.00      0.00         0
          RIASCPOSAG       0.00      0.00      0.00         0
          RIASCT1885       0.00      0.00      0.00         0
          RIDCE4878)       0.00      0.00      0.00         0
          RIGSCE6BL8       0.00      0.00      0.00         0
          RIIACLAESE       0.00      0.00      0.00         0
          RIISUATIB9       0.00      0.00      0.00         0
         RIJ1AUEZ634       0.00      0.00      0.00         0
        RIJG4IUAZ827       0.00      0.00      0.00         0
        RIJIOTA.0994       0.00      0.00      0.00         0
       RIJLSCN2Z37II       0.00      0.00      0.00         0
          RIL5CU232/       0.00      0.00      0.00         0
          RILACK9QR4       0.00      0.00      0.00         0
          RINLCE1923       0.00      0.00      0.00         0
          RIOTCCTSO7       0.00      0.00      0.00         0
          RITACREG5O       0.00      0.00      0.00         0
          RITACT4301       0.00      0.00      0.00         0
          RITACX6658       0.00      0.00      0.00         0
          RITANC5499       0.00      0.00      0.00         0
          RITAWC9541       0.00      0.00      0.00         0
          RITAYC1396       0.00      0.00      0.00         0
         RITBCES772]       0.00      0.00      0.00         0
          RITZTDOOSO       0.00      0.00      0.00         0
           RIUK3TSLK       0.00      0.00      0.00         0
          RIVACCOS7S       0.00      0.00      0.00         0
          RI{ACW1676       0.00      0.00      0.00         0
         RJ'02CC4642       0.00      0.00      0.00         0
         RJ01C0B9722       0.00      0.00      0.00         0
          RJ01CB7236       0.00      0.00      0.00         1
          RJ01CB9722       0.00      0.00      0.00         1
          RJ01CC1507       0.00      0.00      0.00         1
          RJ01CC7603       0.00      0.00      0.00         1
          RJ01CC8226       1.00      1.00      1.00         1
          RJ01CD3307       0.00      0.00      0.00         1
          RJ01CE1288       0.00      0.00      0.00         1
          RJ01UA1712       0.00      0.00      0.00         1
          RJ01UB0515       0.00      0.00      0.00         1
          RJ02CB5825       1.00      1.00      1.00         1
          RJ02CB9902       0.00      0.00      0.00         1
          RJ02CC3703       0.00      0.00      0.00         1
          RJ02CC4642       0.00      0.00      0.00         1
          RJ02CC6621       1.00      1.00      1.00         1
          RJ02CC9572       0.00      0.00      0.00         1
          RJ02CF1365       0.00      0.00      0.00         1
          RJ02TA1932       0.00      0.00      0.00         1
          RJ03CA0112       0.00      0.00      0.00         1
          RJ03CA8807       0.00      0.00      0.00         1
          RJ03CB0994       0.00      0.00      0.00         1
          RJ04CA7197       0.00      0.00      0.00         1
          RJ05CC0003       0.00      0.00      0.00         1
          RJ06CC2305       0.00      0.00      0.00         1
          RJ06UA9743       0.00      0.00      0.00         1
          RJ07CA5369       0.00      0.00      0.00         1
          RJ07CB6719       0.00      0.00      0.00         1
          RJ07CD4085       0.00      0.00      0.00         1
          RJ07CD5141       0.00      0.00      0.00         1
          RJ07UC4983       0.00      0.00      0.00         1
          RJ08CA6767       0.00      0.00      0.00         1
          RJ10CA5546       0.00      0.00      0.00         1
         RJ10CA5546)       0.00      0.00      0.00         0
           RJ1300596       0.00      0.00      0.00         0
          RJ13CA3418       0.00      0.00      0.00         1
          RJ13CB4332       0.00      0.00      0.00         0
          RJ13CB4334       0.00      0.00      0.00         1
          RJ13CB6214       1.00      1.00      1.00         1
        RJ14.7C4090,       0.00      0.00      0.00         0
         RJ14.ZC6586       0.00      0.00      0.00         0
          RJ14002077       0.00      0.00      0.00         0
          RJ14002418       0.00      0.00      0.00         0
         RJ14003984)       0.00      0.00      0.00         0
          RJ14005325       0.00      0.00      0.00         0
          RJ14067712       0.00      0.00      0.00         0
          RJ140C2466       0.00      0.00      0.00         0
         RJ140C5546)       0.00      0.00      0.00         0
          RJ140C797]       0.00      0.00      0.00         0
         RJ140J50773       0.00      0.00      0.00         0
         RJ140V19142       0.00      0.00      0.00         0
          RJ140€8393       0.00      0.00      0.00         0
          RJ141D570/       0.00      0.00      0.00         0
          RJ143C4708       0.00      0.00      0.00         1
         RJ144C7430)       0.00      0.00      0.00         0
          RJ144C8821       0.00      0.00      0.00         0
         RJ147B9315)       0.00      0.00      0.00         0
          RJ147B9803       0.00      0.00      0.00         0
          RJ147C0010       1.00      1.00      1.00         1
          RJ147C4090       0.00      0.00      0.00         1
          RJ147C7459       0.00      0.00      0.00         1
          RJ147C8807       0.00      0.00      0.00         0
          RJ147C9725       0.00      0.00      0.00         1
         RJ147C9725)       0.00      0.00      0.00         0
          RJ147E0155       0.00      0.00      0.00         0
        RJ147T07268)       0.00      0.00      0.00         0
        RJ14:CA*4739       0.00      0.00      0.00         0
        RJ14:TA:6551       0.00      0.00      0.00         0
          RJ14AC0877       0.00      0.00      0.00         1
          RJ14AC3436       0.00      0.00      0.00         1
          RJ14AC3937       0.00      0.00      0.00         1
          RJ14AC5894       1.00      1.00      1.00         1
          RJ14AC7430       0.00      0.00      0.00         1
          RJ14AC7435       0.00      0.00      0.00         1
          RJ14C03372       0.00      0.00      0.00         0
        RJ14C0H6264)       0.00      0.00      0.00         0
         RJ14C0N1742       0.00      0.00      0.00         0
          RJ14C12837       0.00      0.00      0.00         0
          RJ14C21008       0.00      0.00      0.00         0
         RJ14C28986,       0.00      0.00      0.00         0
          RJ14C63680       0.00      0.00      0.00         0
          RJ14C64816       0.00      0.00      0.00         0
          RJ14CA4739       0.00      0.00      0.00         1
          RJ14CA7406       0.00      0.00      0.00         1
          RJ14CA9656       1.00      1.00      1.00         1
          RJ14CA9687       0.00      0.00      0.00         1
          RJ14CB0709       0.00      0.00      0.00         1
          RJ14CB1385       0.00      0.00      0.00         1
          RJ14CB516)       0.00      0.00      0.00         0
          RJ14CB5169       0.00      0.00      0.00         1
          RJ14CB6100       0.00      0.00      0.00         1
          RJ14CC0979       0.00      0.00      0.00         1
          RJ14CC8393       0.00      0.00      0.00         1
          RJ14CD7879       1.00      1.00      1.00         1
          RJ14CE1733       0.00      0.00      0.00         1
         RJ14CE1733)       0.00      0.00      0.00         0
          RJ14CE3763       0.00      0.00      0.00         1
          RJ14CE4878       0.00      0.00      0.00         1
          RJ14CE8303       0.00      0.00      0.00         1
          RJ14CE8805       0.00      0.00      0.00         1
          RJ14CE9566       1.00      1.00      1.00         1
          RJ14CF7683       0.00      0.00      0.00         1
          RJ14CG1753       0.00      0.00      0.00         1
          RJ14CG3680       0.00      0.00      0.00         1
          RJ14CG3958       0.00      0.00      0.00         1
          RJ14CG4303       0.00      0.00      0.00         1
          RJ14CG4816       0.00      0.00      0.00         1
          RJ14CG6581       0.00      0.00      0.00         1
          RJ14CG7712       0.00      0.00      0.00         1
          RJ14CG7995       0.00      0.00      0.00         1
          RJ14CH2442       0.00      0.00      0.00         1
          RJ14CH5905       0.00      0.00      0.00         1
          RJ14CH6264       0.00      0.00      0.00         1
          RJ14CH7630       0.00      0.00      0.00         1
         RJ14CH7630)       0.00      0.00      0.00         0
          RJ14CH8599       1.00      1.00      1.00         1
          RJ14CJ0098       0.00      0.00      0.00         0
          RJ14CJ0773       0.00      0.00      0.00         1
          RJ14CJ2806       1.00      1.00      1.00         1
          RJ14CJ4269       0.00      0.00      0.00         1
          RJ14CJ5999       0.00      0.00      0.00         1
          RJ14CJ8101       1.00      1.00      1.00         1
          RJ14CK0008       1.00      1.00      1.00         1
          RJ14CK0216       1.00      1.00      1.00         1
          RJ14CK1537       0.00      0.00      0.00         1
          RJ14CK5851       0.00      0.00      0.00         1
          RJ14CK5854       0.00      0.00      0.00         0
          RJ14CK7225       0.00      0.00      0.00         1
          RJ14CL0535       1.00      1.00      1.00         1
          RJ14CL1162       0.00      0.00      0.00         1
          RJ14CL4005       1.00      1.00      1.00         1
          RJ14CL4698       0.00      0.00      0.00         1
          RJ14CL5038       0.00      0.00      0.00         1
          RJ14CL5486       0.00      0.00      0.00         1
          RJ14CL7109       1.00      1.00      1.00         1
          RJ14CL7291       0.00      0.00      0.00         1
          RJ14CL8997       0.00      0.00      0.00         1
          RJ14CM0432       0.00      0.00      0.00         1
          RJ14CM1812       0.00      0.00      0.00         1
          RJ14CM2185       0.00      0.00      0.00         1
          RJ14CM2566       0.00      0.00      0.00         2
          RJ14CM5701       1.00      1.00      1.00         1
          RJ14CM6318       0.00      0.00      0.00         1
          RJ14CN1514       0.00      0.00      0.00         1
          RJ14CN1742       0.00      0.00      0.00         1
          RJ14CN2137       1.00      1.00      1.00         1
          RJ14CN3290       0.00      0.00      0.00         1
          RJ14CN6419       0.00      0.00      0.00         0
          RJ14CN9474       0.00      0.00      0.00         1
          RJ14CN9542       1.00      1.00      1.00         1
          RJ14CN9Z74       0.00      0.00      0.00         0
          RJ14CP1025       0.00      0.00      0.00         1
          RJ14CP2973       1.00      1.00      1.00         1
          RJ14CP3701       0.00      0.00      0.00         1
          RJ14CP6297       0.00      0.00      0.00         0
          RJ14CP6305       0.00      0.00      0.00         1
          RJ14CP6309       0.00      0.00      0.00         0
         RJ14CP81398       0.00      0.00      0.00         0
          RJ14CP8198       0.00      0.00      0.00         1
          RJ14CQ0560       0.00      0.00      0.00         1
          RJ14CQ0565       0.00      0.00      0.00         1
          RJ14CQ2418       0.00      0.00      0.00         1
          RJ14CQ2563       0.00      0.00      0.00         1
          RJ14CQ3299       0.00      0.00      0.00         1
          RJ14CQ3372       0.00      0.00      0.00         1
          RJ14CQ3553       0.00      0.00      0.00         1
          RJ14CQ4852       0.00      0.00      0.00         1
          RJ14CQ6834       0.00      0.00      0.00         1
          RJ14CR4952       1.00      1.00      1.00         1
          RJ14CR5019       1.00      1.00      1.00         1
          RJ14CR8650       0.00      0.00      0.00         1
          RJ14CT0511       0.00      0.00      0.00         1
          RJ14CT1008       1.00      1.00      1.00         1
          RJ14CT3041       0.00      0.00      0.00         1
          RJ14CT4026       1.00      1.00      1.00         1
          RJ14CT4301       0.00      0.00      0.00         1
          RJ14CT4486       0.00      0.00      0.00         1
          RJ14CT6066       0.00      0.00      0.00         1
          RJ14CT6932       0.00      0.00      0.00         1
          RJ14CT7262       0.00      0.00      0.00         1
          RJ14CT7375       0.00      0.00      0.00         1
          RJ14CT7895       0.00      0.00      0.00         1
          RJ14CT8400       1.00      1.00      1.00         1
          RJ14CT9149       0.00      0.00      0.00         1
          RJ14CU4226       0.00      0.00      0.00         1
          RJ14CU5325       0.00      0.00      0.00         1
          RJ14CU5539       0.00      0.00      0.00         1
          RJ14CU5690       0.00      0.00      0.00         1
          RJ14CU8301       0.00      0.00      0.00         0
          RJ14CU9301       0.00      0.00      0.00         1
          RJ14CV1286       0.00      0.00      0.00         1
          RJ14CV1585       0.00      0.00      0.00         1
          RJ14CV1914       0.00      0.00      0.00         1
          RJ14CV2530       0.00      0.00      0.00         1
          RJ14CV3353       0.00      0.00      0.00         0
          RJ14CV4657       0.00      0.00      0.00         1
          RJ14CV6203       0.00      0.00      0.00         1
          RJ14CV6797       0.00      0.00      0.00         1
          RJ14CV6829       0.00      0.00      0.00         1
          RJ14CV6896       1.00      1.00      1.00         1
          RJ14CV8966       0.00      0.00      0.00         1
         RJ14CV8966)       0.00      0.00      0.00         0
          RJ14CV9747       0.00      0.00      0.00         1
          RJ14CW1676       0.00      0.00      0.00         1
          RJ14CW2590       0.00      0.00      0.00         1
          RJ14CW7295       0.00      0.00      0.00         1
          RJ14CW7787       0.00      0.00      0.00         1
          RJ14CW9269       0.00      0.00      0.00         1
          RJ14CX1444       0.00      0.00      0.00         1
          RJ14CX2222       0.00      0.00      0.00         1
          RJ14CX2496       0.00      0.00      0.00         1
          RJ14CX3188       0.00      0.00      0.00         1
          RJ14CX3214       0.00      0.00      0.00         1
          RJ14CX6658       0.00      0.00      0.00         1
          RJ14CX6736       0.00      0.00      0.00         1
          RJ14CX6821       0.00      0.00      0.00         1
          RJ14CX7310       0.00      0.00      0.00         1
          RJ14CX7671       0.00      0.00      0.00         1
          RJ14CX9236       0.00      0.00      0.00         1
          RJ14CX9884       0.00      0.00      0.00         1
          RJ14CY0301       0.00      0.00      0.00         2
          RJ14CY2297       0.00      0.00      0.00         1
          RJ14CY2654       1.00      1.00      1.00         1
          RJ14CY2837       0.00      0.00      0.00         1
          RJ14CY3589       0.00      0.00      0.00         1
          RJ14CY4327       0.00      0.00      0.00         1
          RJ14CY5022       0.00      0.00      0.00         1
          RJ14CY5251       0.00      0.00      0.00         2
          RJ14CY6163       1.00      1.00      1.00         1
          RJ14CY7851       1.00      1.00      1.00         1
          RJ14CY9956       0.00      0.00      0.00         1
          RJ14CZ1668       0.00      0.00      0.00         1
          RJ14CZ3108       0.00      0.00      0.00         1
          RJ14CZ3493       0.00      0.00      0.00         1
          RJ14CZ5755       0.00      0.00      0.00         1
          RJ14CZ6795       0.00      0.00      0.00         1
         RJ14CZ6795|       0.00      0.00      0.00         0
          RJ14CZ8472       0.00      0.00      0.00         1
          RJ14CZ8986       0.00      0.00      0.00         1
          RJ14C¥6797       0.00      0.00      0.00         0
         RJ14KC8560§       0.00      0.00      0.00         0
        RJ14LC02314)       0.00      0.00      0.00         0
          RJ14LC2314       0.00      0.00      0.00         1
          RJ14LC2878       0.00      0.00      0.00         1
          RJ14LC3054       1.00      1.00      1.00         1
          RJ14LC4382       0.00      0.00      0.00         1
          RJ14LC4620       0.00      0.00      0.00         1
         RJ14LC4620!       0.00      0.00      0.00         0
          RJ14LC6851       0.00      0.00      0.00         1
          RJ14LC7020       1.00      1.00      1.00         1
          RJ14LC9273       0.00      0.00      0.00         1
          RJ14LC9745       0.00      0.00      0.00         1
         RJ14L€2878]       0.00      0.00      0.00         0
          RJ14NC3343       0.00      0.00      0.00         1
          RJ14NC3463       0.00      0.00      0.00         1
         RJ14NC3463)       0.00      0.00      0.00         0
          RJ14NC5923       0.00      0.00      0.00         1
          RJ14NC8560       0.00      0.00      0.00         1
          RJ14NC9499       1.00      1.00      1.00         2
          RJ14QC0039       0.00      0.00      0.00         1
          RJ14QC1197       0.00      0.00      0.00         1
          RJ14QC2077       0.00      0.00      0.00         1
          RJ14QC2447       0.00      0.00      0.00         1
          RJ14QC2466       0.00      0.00      0.00         1
          RJ14QC5325       0.00      0.00      0.00         1
          RJ14QC5546       0.00      0.00      0.00         1
          RJ14QC8708       0.00      0.00      0.00         1
          RJ14TA6551       0.00      0.00      0.00         1
          RJ14TB1265       0.00      0.00      0.00         1
          RJ14TB1532       0.00      0.00      0.00         2
          RJ14TB3340       0.00      0.00      0.00         1
          RJ14TB4095       0.00      0.00      0.00         1
          RJ14TB7210       0.00      0.00      0.00         1
          RJ14TB7738       0.00      0.00      0.00         1
          RJ14TB9315       0.00      0.00      0.00         2
          RJ14TB9803       0.00      0.00      0.00         1
          RJ14TD0050       0.00      0.00      0.00         1
          RJ14TD0733       0.00      0.00      0.00         1
          RJ14TD0741       0.00      0.00      0.00         1
          RJ14TD0908       0.00      0.00      0.00         1
         RJ14TD0908!       0.00      0.00      0.00         0
          RJ14TD4148       0.00      0.00      0.00         1
          RJ14TD5707       0.00      0.00      0.00         1
          RJ14TD7268       0.00      0.00      0.00         1
          RJ14TE0516       0.00      0.00      0.00         1
          RJ14TE2234       0.00      0.00      0.00         1
          RJ14TE2451       0.00      0.00      0.00         1
          RJ14TE2837       0.00      0.00      0.00         1
          RJ14TE3395       0.00      0.00      0.00         1
          RJ14TE9879       0.00      0.00      0.00         1
          RJ14U02000       0.00      0.00      0.00         0
          RJ14UB3506       0.00      0.00      0.00         1
          RJ14UC8718       1.00      1.00      1.00         1
          RJ14UD1332       0.00      0.00      0.00         1
          RJ14UD1659       0.00      0.00      0.00         2
          RJ14UD5383       1.00      1.00      1.00         1
          RJ14UD8337       1.00      1.00      1.00         1
          RJ14UD9814       1.00      1.00      1.00         1
          RJ14UE2634       0.00      0.00      0.00         1
          RJ14UE5517       1.00      1.00      1.00         1
          RJ14UE5553       0.00      0.00      0.00         1
          RJ14UE7081       0.00      0.00      0.00         0
          RJ14UE7301       1.00      1.00      1.00         1
          RJ14UE9133       0.00      0.00      0.00         0
          RJ14UF0093       1.00      1.00      1.00         1
          RJ14UF1632       0.00      0.00      0.00         1
          RJ14UF3853       0.00      0.00      0.00         1
          RJ14UF3893       0.00      0.00      0.00         0
          RJ14UF7821       0.00      0.00      0.00         1
          RJ14UF8669       0.00      0.00      0.00         1
          RJ14UG4439       0.00      0.00      0.00         1
          RJ14UG5091       1.00      1.00      1.00         1
          RJ14UG5129       0.00      0.00      0.00         1
         RJ14UG64439       0.00      0.00      0.00         0
         RJ14UG69738       0.00      0.00      0.00         0
          RJ14UG8203       0.00      0.00      0.00         0
          RJ14UG8209       0.00      0.00      0.00         1
          RJ14UG8714       0.00      0.00      0.00         1
          RJ14UG8787       0.00      0.00      0.00         1
         RJ14UG8787|       0.00      0.00      0.00         0
          RJ14UG9174       0.00      0.00      0.00         1
          RJ14UG9738       0.00      0.00      0.00         1
          RJ14UH0270       0.00      0.00      0.00         1
          RJ14UH0436       0.00      0.00      0.00         1
          RJ14UH1563       0.00      0.00      0.00         1
          RJ14UH4591       0.00      0.00      0.00         1
          RJ14UH4783       0.00      0.00      0.00         1
          RJ14UH5605       0.00      0.00      0.00         1
          RJ14UH6123       0.00      0.00      0.00         1
          RJ14UH6989       1.00      1.00      1.00         1
          RJ14UH7046       0.00      0.00      0.00         1
         RJ14UH7046|       0.00      0.00      0.00         0
          RJ14UH7747       0.00      0.00      0.00         0
          RJ14UH9149       0.00      0.00      0.00         1
         RJ14UHO436)       0.00      0.00      0.00         0
          RJ14UHZ591       0.00      0.00      0.00         0
          RJ14UJ0242       1.00      1.00      1.00         1
          RJ14UJ0992       1.00      1.00      1.00         1
          RJ14UJ2908       1.00      1.00      1.00         1
          RJ14UJ7600       0.00      0.00      0.00         0
          RJ14UK3738       0.00      0.00      0.00         1
          RJ14UL4748       0.00      0.00      0.00         1
          RJ14VC1266       0.00      0.00      0.00         1
          RJ14VC2665       0.00      0.00      0.00         1
          RJ14VC4128       0.00      0.00      0.00         1
          RJ14VC4705       0.00      0.00      0.00         1
          RJ14VC5005       0.00      0.00      0.00         1
          RJ14VC5878       0.00      0.00      0.00         1
          RJ14VC7282       0.00      0.00      0.00         1
         RJ14VC7282)       0.00      0.00      0.00         0
          RJ14VC9553       0.00      0.00      0.00         1
         RJ14V¥C4128       0.00      0.00      0.00         0
        RJ14V¥C5005!       0.00      0.00      0.00         0
          RJ14WC0195       1.00      1.00      1.00         1
          RJ14WC0885       0.00      0.00      0.00         1
          RJ14WC1303       0.00      0.00      0.00         1
          RJ14WC1332       1.00      1.00      1.00         1
          RJ14WC2203       0.00      0.00      0.00         1
          RJ14WC2831       1.00      1.00      1.00         1
          RJ14WC6764       0.00      0.00      0.00         1
          RJ14WC7009       1.00      1.00      1.00         1
          RJ14WC7432       0.00      0.00      0.00         1
         RJ14WC7432|       0.00      0.00      0.00         0
          RJ14WC8821       0.00      0.00      0.00         1
          RJ14WC9272       0.00      0.00      0.00         1
         RJ14WC9272,       0.00      0.00      0.00         0
          RJ14WC9541       0.00      0.00      0.00         1
          RJ14WC9782       0.00      0.00      0.00         2
         RJ14WC9782'       0.00      0.00      0.00         0
         RJ14WC9782|       0.00      0.00      0.00         0
          RJ14XC1164       0.00      0.00      0.00         1
          RJ14XC1470       1.00      1.00      1.00         1
          RJ14XC2773       1.00      1.00      1.00         1
          RJ14XC3991       0.00      0.00      0.00         1
          RJ14XC5078       1.00      1.00      1.00         1
          RJ14XC5212       0.00      0.00      0.00         1
          RJ14XC5483       0.00      0.00      0.00         1
         RJ14XC5483}       0.00      0.00      0.00         0
          RJ14XC6684       0.00      0.00      0.00         1
          RJ14XC6954       0.00      0.00      0.00         2
          RJ14XC9225       1.00      1.00      1.00         1
          RJ14XC9775       0.00      0.00      0.00         1
          RJ14YC1396       0.00      0.00      0.00         1
          RJ14YC1606       1.00      1.00      1.00         1
          RJ14YC3368       1.00      1.00      1.00         1
          RJ14YC4911       0.00      0.00      0.00         1
          RJ14YC6644       0.00      0.00      0.00         1
          RJ14YC7453       1.00      1.00      1.00         1
          RJ14YC7682       0.00      0.00      0.00         2
         RJ14YC7682!       0.00      0.00      0.00         0
          RJ14YC7926       0.00      0.00      0.00         1
          RJ14YC8239       0.00      0.00      0.00         1
          RJ14YC9793       1.00      1.00      1.00         1
          RJ14YC9818       1.00      1.00      1.00         1
          RJ14ZC2864       1.00      1.00      1.00         1
          RJ14ZC2898       0.00      0.00      0.00         2
          RJ14ZC4023       0.00      0.00      0.00         1
          RJ14ZC6072       0.00      0.00      0.00         1
          RJ14ZC6586       0.00      0.00      0.00         1
          RJ14ZC7793       0.00      0.00      0.00         1
          RJ14ZC8007       0.00      0.00      0.00         1
         RJ14_CM1812       0.00      0.00      0.00         0
          RJ14¥C5878       0.00      0.00      0.00         0
          RJ15UA1189       0.00      0.00      0.00         1
         RJ1740C8708       0.00      0.00      0.00         0
          RJ18CA7887       0.00      0.00      0.00         1
          RJ18CA7897       0.00      0.00      0.00         0
          RJ18CB4911       0.00      0.00      0.00         1
          RJ18CD2193       1.00      1.00      1.00         1
          RJ18CD3382       0.00      0.00      0.00         1
         RJ18CD3382}       0.00      0.00      0.00         0
          RJ18CE4818       0.00      0.00      0.00         1
          RJ18CE5772       0.00      0.00      0.00         1
          RJ18TA2689       0.00      0.00      0.00         1
          RJ18UC0731       0.00      0.00      0.00         1
         RJ18UC0731)       0.00      0.00      0.00         0
          RJ19CC8131       0.00      0.00      0.00         1
         RJ19CC8131|       0.00      0.00      0.00         0
          RJ19CE1032       0.00      0.00      0.00         1
          RJ19CE6441       0.00      0.00      0.00         1
          RJ19CH8577       1.00      1.00      1.00         1
          RJ19CJ4588       1.00      1.00      1.00         1
          RJ19TA0994       0.00      0.00      0.00         1
         RJ1A4CV1286       0.00      0.00      0.00         0
         RJ1A4CX6821       0.00      0.00      0.00         0
         RJ1A4VC3804       0.00      0.00      0.00         0
         RJ1AC00560}       0.00      0.00      0.00         0
          RJ1ACF7683       0.00      0.00      0.00         0
          RJ1ACT9149       0.00      0.00      0.00         0
         RJ1ANC3343.       0.00      0.00      0.00         0
          RJ1AUD9814       0.00      0.00      0.00         0
          RJ1AXC399!       0.00      0.00      0.00         0
         RJ1AXC5212|       0.00      0.00      0.00         0
          RJ1AYCA911       0.00      0.00      0.00         0
          RJ1B1A2689       0.00      0.00      0.00         0
          RJ1D707459       0.00      0.00      0.00         0
         RJ1TANC5923       0.00      0.00      0.00         0
           RJ1ZC9897       0.00      0.00      0.00         1
          RJ1ZCA7Z06       0.00      0.00      0.00         0
          RJ1ZCN3290       0.00      0.00      0.00         0
         RJ1ZCP3701)       0.00      0.00      0.00         0
         RJ1ZULL7£8}       0.00      0.00      0.00         0
          RJ20C67279       0.00      0.00      0.00         0
          RJ20CB5507       1.00      1.00      1.00         1
          RJ20CD2031       0.00      0.00      0.00         1
          RJ20CF1019       0.00      0.00      0.00         1
          RJ20CF3549       0.00      0.00      0.00         1
          RJ20CF9232       1.00      1.00      1.00         1
          RJ20CG7278       0.00      0.00      0.00         1
          RJ20CH0018       1.00      1.00      1.00         1
          RJ21CA5505       0.00      0.00      0.00         1
          RJ21CB3598       0.00      0.00      0.00         1
         RJ21CB3598|       0.00      0.00      0.00         0
          RJ21CB9889       1.00      1.00      1.00         1
          RJ21UA6951       1.00      1.00      1.00         1
          RJ21UG0044       0.00      0.00      0.00         1
          RJ21UGO044       0.00      0.00      0.00         0
          RJ22UB1551       1.00      1.00      1.00         1
          RJ23CC3290       1.00      0.50      0.67         2
          RJ23CC9808       0.00      0.00      0.00         1
          RJ23CF0191       1.00      1.00      1.00         2
          RJ23CH0055       1.00      1.00      1.00         1
          RJ23UA4493       0.00      0.00      0.00         1
         RJ23UA4493)       0.00      0.00      0.00         0
          RJ23UB6081       0.00      0.00      0.00         1
         RJ23UB6081]       0.00      0.00      0.00         0
          RJ25CA2829       0.00      0.00      0.00         1
          RJ25CA7177       0.00      0.00      0.00         1
          RJ27061232       0.00      0.00      0.00         0
          RJ27CD0805       1.00      0.50      0.67         2
          RJ27CF1140       0.00      0.00      0.00         1
          RJ27CF8975       1.00      1.00      1.00         1
          RJ27CG1234       0.00      0.00      0.00         1
          RJ27CH0374       0.00      0.00      0.00         1
         RJ27CHO374)       0.00      0.00      0.00         0
          RJ27TA1143       0.00      0.00      0.00         1
          RJ29CA5938       0.00      0.00      0.00         2
         RJ29CA5938)       0.00      0.00      0.00         0
          RJ29CA7848       0.00      0.00      0.00         1
          RJ30CA9288       0.00      0.00      0.00         1
         RJ30CA9288)       0.00      0.00      0.00         0
          RJ32CA6/03       0.00      0.00      0.00         0
          RJ32CA6709       0.00      0.00      0.00         1
         RJ34C46992]       0.00      0.00      0.00         0
          RJ34CA6874       0.00      0.00      0.00         0
          RJ34CA6992       0.00      0.00      0.00         1
          RJ36CA7025       0.00      0.00      0.00         1
          RJ40CA1097       0.00      0.00      0.00         1
          RJ40CA7299       0.00      0.00      0.00         1
          RJ40UA1802       0.00      0.00      0.00         1
          RJ41CA2238       0.00      0.00      0.00         1
          RJ41UA2827       0.00      0.00      0.00         1
          RJ42CA1091       1.00      1.00      1.00         1
          RJ42CA2609       0.00      0.00      0.00         1
          RJ44CA2231       0.00      0.00      0.00         1
          RJ44CA5682       0.00      0.00      0.00         2
         RJ44CH5905|       0.00      0.00      0.00         0
         RJ45060374)       0.00      0.00      0.00         0
         RJ45C$9822}       0.00      0.00      0.00         0
          RJ45C00229       0.00      0.00      0.00         0
         RJ45C03586}       0.00      0.00      0.00         0
          RJ45C04036       0.00      0.00      0.00         0
         RJ45C09259|       0.00      0.00      0.00         0
          RJ45C13790       0.00      0.00      0.00         0
          RJ45C17135       0.00      0.00      0.00         0
          RJ45C55888       0.00      0.00      0.00         0
          RJ45C68553       0.00      0.00      0.00         0
         RJ45C68893}       0.00      0.00      0.00         0
          RJ45C69447       0.00      0.00      0.00         0
          RJ45CA2095       1.00      1.00      1.00         1
          RJ45CA2953       0.00      0.00      0.00         1
          RJ45CA3018       1.00      1.00      1.00         2
          RJ45CA3146       0.00      0.00      0.00         1
          RJ45CD0869       0.00      0.00      0.00         1
          RJ45CD2088       0.00      0.00      0.00         1
          RJ45CD2266       0.00      0.00      0.00         1
          RJ45CD2364       1.00      1.00      1.00         1
          RJ45CD2368       0.00      0.00      0.00         1
          RJ45CD4723       0.00      0.00      0.00         1
          RJ45CD5488       0.00      0.00      0.00         1
          RJ45CD5708       0.00      0.00      0.00         1
          RJ45CD8518       0.00      0.00      0.00         1
          RJ45CD9304       0.00      0.00      0.00         1
         RJ45CD9304)       0.00      0.00      0.00         0
          RJ45CE2714       0.00      0.00      0.00         1
          RJ45CE3482       0.00      0.00      0.00         1
          RJ45CE4246       1.00      1.00      1.00         1
          RJ45CE4794       0.00      0.00      0.00         1
          RJ45CE5167       0.00      0.00      0.00         1
          RJ45CE6832       0.00      0.00      0.00         1
         RJ45CE6832'       0.00      0.00      0.00         0
          RJ45CE6848       0.00      0.00      0.00         1
          RJ45CE6928       1.00      0.50      0.67         2
          RJ45CE7429       0.00      0.00      0.00         1
          RJ45CE8988       0.00      0.00      0.00         1
          RJ45CE9904       0.00      0.00      0.00         1
          RJ45CESICZ       0.00      0.00      0.00         0
          RJ45CF1106       0.00      0.00      0.00         2
          RJ45CF1633       0.00      0.00      0.00         1
          RJ45CF2591       0.00      0.00      0.00         1
          RJ45CF4478       0.00      0.00      0.00         1
          RJ45CF5484       0.00      0.00      0.00         1
          RJ45CF6659       1.00      1.00      1.00         1
          RJ45CF6777       0.00      0.00      0.00         1
          RJ45CF7325       1.00      0.50      0.67         2
         RJ45CF7325)       0.00      0.00      0.00         0
          RJ45CF8413       1.00      1.00      1.00         1
          RJ45CF9239       0.00      0.00      0.00         1
          RJ45CG0374       0.00      0.00      0.00         1
          RJ45CG6212       0.00      0.00      0.00         1
          RJ45CG7702       0.00      0.00      0.00         1
          RJ45CG7977       0.00      0.00      0.00         1
          RJ45CG8553       0.00      0.00      0.00         1
          RJ45CG8893       0.00      0.00      0.00         1
          RJ45CG8948       0.00      0.00      0.00         1
          RJ45CG9447       0.00      0.00      0.00         1
         RJ45CH0383}       0.00      0.00      0.00         0
          RJ45CH1213       0.00      0.00      0.00         1
          RJ45CH2013       0.00      0.00      0.00         0
          RJ45CH2533       1.00      0.50      0.67         2
          RJ45CH2582       0.00      0.00      0.00         1
          RJ45CH3180       0.00      0.00      0.00         1
          RJ45CH4066       0.00      0.00      0.00         2
          RJ45CH4653       0.00      0.00      0.00         0
          RJ45CH5898       1.00      0.50      0.67         2
          RJ45CH6201       0.00      0.00      0.00         1
          RJ45CH7489       0.00      0.00      0.00         1
          RJ45CH8269       0.00      0.00      0.00         1
          RJ45CH8643       0.00      0.00      0.00         1
          RJ45CJ0248       1.00      1.00      1.00         1
          RJ45CJ0910       0.00      0.00      0.00         1
          RJ45CJ1430       0.00      0.00      0.00         1
          RJ45CJ1568       0.00      0.00      0.00         1
          RJ45CJ3251       0.00      0.00      0.00         1
         RJ45CJ3253)       0.00      0.00      0.00         0
          RJ45CJ4569       0.00      0.00      0.00         1
          RJ45CJ4912       0.00      0.00      0.00         1
          RJ45CJ5888       0.00      0.00      0.00         1
          RJ45CJ6185       0.00      0.00      0.00         1
          RJ45CJ6486       0.00      0.00      0.00         1
          RJ45CJ6596       1.00      0.50      0.67         2
          RJ45CJ7465       1.00      0.50      0.67         2
         RJ45CJ7465,       0.00      0.00      0.00         0
          RJ45CJ8172       1.00      1.00      1.00         1
          RJ45CJ8382       1.00      1.00      1.00         1
          RJ45CK0487       0.00      0.00      0.00         1
          RJ45CK4536       0.00      0.00      0.00         1
          RJ45CK5666       0.00      0.00      0.00         1
          RJ45CK6065       0.00      0.00      0.00         1
          RJ45CK7827       0.00      0.00      0.00         1
          RJ45CK8330       1.00      1.00      1.00         2
          RJ45CK8999       1.00      1.00      1.00         1
         RJ45CL.4097       0.00      0.00      0.00         0
          RJ45CL1273       0.00      0.00      0.00         1
          RJ45CL2546       0.00      0.00      0.00         2
          RJ45CL4097       0.00      0.00      0.00         2
          RJ45CL4748       0.00      0.00      0.00         1
          RJ45CL6572       0.00      0.00      0.00         1
          RJ45CL6649       0.00      0.00      0.00         1
          RJ45CL7067       0.00      0.00      0.00         1
          RJ45CL7121       0.00      0.00      0.00         1
         RJ45CL7121|       0.00      0.00      0.00         0
          RJ45CL7457       0.00      0.00      0.00         0
          RJ45CL7767       0.00      0.00      0.00         1
          RJ45CL7917       0.00      0.00      0.00         1
          RJ45CL8141       0.00      0.00      0.00         1
          RJ45CL9891       1.00      1.00      1.00         1
          RJ45CL9939       0.00      0.00      0.00         0
          RJ45CM0383       0.00      0.00      0.00         1
          RJ45CM1278       0.00      0.00      0.00         1
          RJ45CM2647       0.00      0.00      0.00         1
          RJ45CM2886       0.00      0.00      0.00         1
          RJ45CM4771       0.00      0.00      0.00         1
          RJ45CM4942       0.00      0.00      0.00         1
          RJ45CM6663       0.00      0.00      0.00         1
          RJ45CM6777       0.00      0.00      0.00         1
          RJ45CM6898       0.00      0.00      0.00         1
          RJ45CM8976       0.00      0.00      0.00         1
          RJ45CM9091       0.00      0.00      0.00         1
          RJ45CM9590       0.00      0.00      0.00         1
          RJ45CN0022       0.00      0.00      0.00         1
          RJ45CN0340       0.00      0.00      0.00         1
         RJ45CN1278|       0.00      0.00      0.00         0
          RJ45CN1428       0.00      0.00      0.00         2
          RJ45CN2244       0.00      0.00      0.00         1
          RJ45CN2371       0.00      0.00      0.00         1
          RJ45CN2934       1.00      1.00      1.00         1
          RJ45CN3445       0.00      0.00      0.00         1
         RJ45CN4079)       0.00      0.00      0.00         0
         RJ45CN4771!       0.00      0.00      0.00         0
          RJ45CN5222       0.00      0.00      0.00         1
          RJ45CN8319       1.00      1.00      1.00         1
         RJ45CN9590]       0.00      0.00      0.00         0
          RJ45CN9693       0.00      0.00      0.00         1
          RJ45CP0711       0.00      0.00      0.00         1
          RJ45CP1665       0.00      0.00      0.00         1
          RJ45CP1891       0.00      0.00      0.00         1
          RJ45CP2845       0.00      0.00      0.00         1
          RJ45CP2856       0.00      0.00      0.00         0
          RJ45CP5152       1.00      1.00      1.00         1
          RJ45CP5704       0.00      0.00      0.00         1
          RJ45CP5873       0.00      0.00      0.00         1
          RJ45CP6364       0.00      0.00      0.00         1
          RJ45CP6844       0.00      0.00      0.00         1
          RJ45CP7980       0.00      0.00      0.00         1
         RJ45CP7980]       0.00      0.00      0.00         0
          RJ45CP8366       0.00      0.00      0.00         1
          RJ45CP9339       0.00      0.00      0.00         1
          RJ45CQ0229       0.00      0.00      0.00         1
          RJ45CQ3586       0.00      0.00      0.00         1
          RJ45CQ4036       0.00      0.00      0.00         1
          RJ45CQ5065       0.00      0.00      0.00         1
          RJ45CQ7703       0.00      0.00      0.00         1
          RJ45CQ9259       0.00      0.00      0.00         1
          RJ45CR1451       0.00      0.00      0.00         1
          RJ45CR1777       0.00      0.00      0.00         1
          RJ45CR2576       0.00      0.00      0.00         1
          RJ45CR5880       0.00      0.00      0.00         1
         RJ45CR5880)       0.00      0.00      0.00         0
          RJ45CR6853       0.00      0.00      0.00         1
          RJ45CR8895       0.00      0.00      0.00         1
          RJ45CS0617       0.00      0.00      0.00         1
          RJ45CS0638       0.00      0.00      0.00         1
          RJ45CS2356       0.00      0.00      0.00         1
          RJ45CS4085       0.00      0.00      0.00         1
          RJ45CS4737       0.00      0.00      0.00         1
          RJ45CS5230       0.00      0.00      0.00         1
          RJ45CS5339       0.00      0.00      0.00         1
          RJ45CS6794       0.00      0.00      0.00         1
          RJ45CS7352       1.00      1.00      1.00         1
          RJ45CS7817       0.00      0.00      0.00         1
          RJ45CS8071       0.00      0.00      0.00         0
          RJ45CS9822       0.00      0.00      0.00         1
          RJ45CT1012       1.00      1.00      1.00         1
          RJ45CT1436       1.00      1.00      1.00         1
          RJ45CT1885       0.00      0.00      0.00         1
          RJ45CT3022       0.00      0.00      0.00         1
          RJ45CT3790       0.00      0.00      0.00         2
          RJ45CT4169       0.00      0.00      0.00         1
          RJ45CT4817       0.00      0.00      0.00         1
          RJ45CT4953       0.00      0.00      0.00         1
          RJ45CT6204       0.00      0.00      0.00         1
          RJ45CT6689       0.00      0.00      0.00         1
          RJ45CT7135       0.00      0.00      0.00         1
          RJ45CT7757       0.00      0.00      0.00         1
          RJ45CT9496       1.00      1.00      1.00         1
          RJ45CT9803       1.00      1.00      1.00         1
          RJ45CT9942       1.00      1.00      1.00         1
          RJ45CU0611       0.00      0.00      0.00         1
          RJ45CU0891       0.00      0.00      0.00         1
          RJ45CU1237       0.00      0.00      0.00         1
          RJ45CU1897       0.00      0.00      0.00         1
          RJ45CU2324       0.00      0.00      0.00         1
          RJ45CU3368       0.00      0.00      0.00         1
          RJ45CU3690       0.00      0.00      0.00         1
          RJ45CU4152       0.00      0.00      0.00         0
          RJ45CU4154       0.00      0.00      0.00         1
          RJ45CU4981       1.00      1.00      1.00         1
          RJ45CU5747       0.00      0.00      0.00         1
          RJ45CU7408       0.00      0.00      0.00         1
          RJ45CU8299       0.00      0.00      0.00         1
          RJ45CV0109       1.00      1.00      1.00         1
          RJ45CV1494       1.00      1.00      1.00         1
          RJ45CV6466       1.00      1.00      1.00         1
          RJ45CV6605       0.00      0.00      0.00         1
          RJ45CW0091       0.00      0.00      0.00         1
         RJ45SCD2266       0.00      0.00      0.00         0
          RJ47CA3067       0.00      0.00      0.00         1
          RJ47CA4777       0.00      0.00      0.00         1
          RJ47TA0050       0.00      0.00      0.00         1
          RJ47TA0568       0.00      0.00      0.00         1
          RJ47UB0221       1.00      1.00      1.00         1
          RJ49CA3195       1.00      0.50      0.67         2
          RJ4SCH2582       0.00      0.00      0.00         0
         RJ4SCH40665       0.00      0.00      0.00         0
         RJ4SCIE486,       0.00      0.00      0.00         0
          RJ4SCNO760       0.00      0.00      0.00         0
         RJ4Z5CT4953       0.00      0.00      0.00         0
         RJ98CA6767|       0.00      0.00      0.00         0
        RJA45CJ4912)       0.00      0.00      0.00         0
         RJA45CR6853       0.00      0.00      0.00         0
          RJA5CH5898       0.00      0.00      0.00         0
          RJA5CH8643       0.00      0.00      0.00         0
          RJA5CH8976       0.00      0.00      0.00         0
          RJA5CJ4569       0.00      0.00      0.00         0
         RJA5CJ5979)       0.00      0.00      0.00         0
          RJA5CJ6185       0.00      0.00      0.00         0
          RJA5CJ6596       0.00      0.00      0.00         0
         RJA5CK0487]       0.00      0.00      0.00         0
          RJA5CKA536       0.00      0.00      0.00         0
          RJA5CL4097       0.00      0.00      0.00         0
          RJA5CS4085       0.00      0.00      0.00         0
         RJA5CT6689|       0.00      0.00      0.00         0
          RJA5CU0611       0.00      0.00      0.00         0
         RJA5CU7408)       0.00      0.00      0.00         0
          RJA7TA0050       0.00      0.00      0.00         0
            RJABCPOI       0.00      0.00      0.00         0
          RJABCS2300       0.00      0.00      0.00         0
           RJACYS022       0.00      0.00      0.00         0
          RJAOCA7299       0.00      0.00      0.00         0
          RJASCEL794       0.00      0.00      0.00         0
         RJASCHE2011       0.00      0.00      0.00         0
         RJASCL2546,       0.00      0.00      0.00         0
          RJASCP8366       0.00      0.00      0.00         0
         RJASCR8895'       0.00      0.00      0.00         0
          RJASCRI777       0.00      0.00      0.00         0
            RJCM2566       0.00      0.00      0.00         0
          RJESCUI897       0.00      0.00      0.00         0
         RJG4CA5682Z       0.00      0.00      0.00         0
          RJI4CE8805       0.00      0.00      0.00         0
          RJI<CAS687       0.00      0.00      0.00         0
          RJIACLS486       0.00      0.00      0.00         0
          RJIADC2447       0.00      0.00      0.00         0
          RJIAV0O129       0.00      0.00      0.00         0
          RJIAXC6954       0.00      0.00      0.00         0
          RJILCT0519       0.00      0.00      0.00         0
         RJIT4UF1632       0.00      0.00      0.00         0
          RJIZCF9305       0.00      0.00      0.00         0
          RJIZCPE854       0.00      0.00      0.00         0
          RJIZTE2837       0.00      0.00      0.00         0
         RJIZYC6644)       0.00      0.00      0.00         0
          RJIZYC7926       0.00      0.00      0.00         0
          RJL5CF8419       0.00      0.00      0.00         0
          RJL5CH3180       0.00      0.00      0.00         0
          RJLACW9269       0.00      0.00      0.00         0
          RJLSCE3L82       0.00      0.00      0.00         0
          RJLSCH6898       0.00      0.00      0.00         0
        RJLSCL706/7I       0.00      0.00      0.00         0
         RJLSCLES72)       0.00      0.00      0.00         0
         RJO1CD3307'       0.00      0.00      0.00         0
         RJO2CB9902'       0.00      0.00      0.00         0
         RJO3CA8807|       0.00      0.00      0.00         0
          RJO3CB099Z       0.00      0.00      0.00         0
         RJO6CC2305|       0.00      0.00      0.00         0
          RJO7CD4085       0.00      0.00      0.00         0
         RJO7CD5141|       0.00      0.00      0.00         0
          RJO7UC4983       0.00      0.00      0.00         0
          RJOGUAS743       0.00      0.00      0.00         0
          RJT4CG1753       0.00      0.00      0.00         0
          RJT4CU5539       0.00      0.00      0.00         0
          RJT4XC6684       0.00      0.00      0.00         0
          RJTACK3188       0.00      0.00      0.00         0
          RJTACY9059       0.00      0.00      0.00         0
         RJTAWC1303)       0.00      0.00      0.00         0
          RJTAXC6954       0.00      0.00      0.00         0
          RJVACX1444       0.00      0.00      0.00         0
          RJVACY2297       0.00      0.00      0.00         0
         RJVACY9956)       0.00      0.00      0.00         0
         RJZ20CF1019       0.00      0.00      0.00         0
          RJZ4045682       0.00      0.00      0.00         0
         RJZ45CD2088       0.00      0.00      0.00         0
         RJZ4SCDO869       0.00      0.00      0.00         0
        RJZ5C1T3790}       0.00      0.00      0.00         0
         RJZ5C1T7757       0.00      0.00      0.00         0
         RJZ5C50910}       0.00      0.00      0.00         0
         RJZ5C67977}       0.00      0.00      0.00         0
         RJZ5C68928|       0.00      0.00      0.00         0
          RJZ5CA2953       0.00      0.00      0.00         0
         RJZ5CD4723}       0.00      0.00      0.00         0
          RJZ5CD5708       0.00      0.00      0.00         0
         RJZ5CE8988|       0.00      0.00      0.00         0
          RJZ5CH4066       0.00      0.00      0.00         0
          RJZ5CL3942       0.00      0.00      0.00         0
         RJZ5CL6966)       0.00      0.00      0.00         0
          RJZ5CL8141       0.00      0.00      0.00         0
          RJZ5CN0340       0.00      0.00      0.00         0
         RJZ5CN5393}       0.00      0.00      0.00         0
         RJZ5CN9693|       0.00      0.00      0.00         0
          RJZ5CP1665       0.00      0.00      0.00         0
          RJZ5CP5873       0.00      0.00      0.00         0
         RJZ5CS5230}       0.00      0.00      0.00         0
          RJZ5CS7817       0.00      0.00      0.00         0
         RJZ5CU8299'       0.00      0.00      0.00         0
         RJZ5CUS747,       0.00      0.00      0.00         0
        RJZ5SCF1106)       0.00      0.00      0.00         0
        RJZ5SCK5666|       0.00      0.00      0.00         0
          RJZ7TAOSES       0.00      0.00      0.00         0
         RJZ9CA7848,       0.00      0.00      0.00         0
          RJZSCE7429       0.00      0.00      0.00         0
        RJZSCLE6629|       0.00      0.00      0.00         0
          RJZSCOSOBS       0.00      0.00      0.00         0
          RJZSCTL169       0.00      0.00      0.00         0
         RJ{44C7435)       0.00      0.00      0.00         0
          RJ{4CX7671       0.00      0.00      0.00         0
          RJ{ACV9747       0.00      0.00      0.00         0
                 ROS       0.00      0.00      0.00         0
         ROTACT?202}       0.00      0.00      0.00         0
         RP1/5CM2886       0.00      0.00      0.00         0
       RPIJZ5CDZ6Z9|       0.00      0.00      0.00         0
        RPJ/Z2CA2609       0.00      0.00      0.00         0
         RS14CU4226)       0.00      0.00      0.00         0
         RS1ACWZ950)       0.00      0.00      0.00         0
          RSTACYS25)       0.00      0.00      0.00         0
          RSVAVCEO5]       0.00      0.00      0.00         0
             RTACG/S       0.00      0.00      0.00         0
           RTAUHO270       0.00      0.00      0.00         0
          RU14CL1762       0.00      0.00      0.00         0
           RUDUB3506       0.00      0.00      0.00         0
          RUI3CA3418       0.00      0.00      0.00         0
          RUILTEOS16       0.00      0.00      0.00         0
          RY5CUIICS|       0.00      0.00      0.00         0
          RYASCUIZIY       0.00      0.00      0.00         0
            RYCL7291       0.00      0.00      0.00         0
          RYOSCC0003       0.00      0.00      0.00         0
          RY{ATB9315       0.00      0.00      0.00         0
         R]O2CF1369:       0.00      0.00      0.00         0
          R}143C4708       0.00      0.00      0.00         0
          R}19CE6441       0.00      0.00      0.00         0
         R}{4L.05540       0.00      0.00      0.00         0
             SAUCYP>       0.00      0.00      0.00         0
         TH07BU54:27       0.00      0.00      0.00         0
          TH38BY4191       0.00      0.00      0.00         1
           TH74F3339       0.00      0.00      0.00         1
          TN02TC0143       0.00      0.00      0.00         1
          TN07BU5427       0.00      0.00      0.00         1
          TN07BV5200       0.00      0.00      0.00         1
          TN37CR4019       0.00      0.00      0.00         1
          TN38BY4191       0.00      0.00      0.00         0
          TN38MG6162       0.00      0.00      0.00         1
          TN45BA1065       1.00      1.00      1.00         1
           TN52U1580       1.00      1.00      1.00         1
          TN74AH1413       0.00      0.00      0.00         1
          TS09EV1458       0.00      0.00      0.00         1
           TS24E3189       1.00      1.00      1.00         1
           TUIACRB20       0.00      0.00      0.00         0
          TW7LF3339)       0.00      0.00      0.00         0
         UF'VSBXOO71       0.00      0.00      0.00         0
         UK	07BL5603       0.00      0.00      0.00         1
           UK04Q0746       0.00      0.00      0.00         2
           UK04X3095       0.00      0.00      0.00         1
          UK06AP3654       0.00      0.00      0.00         1
          UK06BD3841       0.00      0.00      0.00         1
          UK07DC8021       0.00      0.00      0.00         1
          UK07FE4904       0.00      0.00      0.00         1
           UK15C6531       0.00      0.00      0.00         1
           UKO400746       0.00      0.00      0.00         0
          UKO78L5603       0.00      0.00      0.00         0
          UKO7DC8021       0.00      0.00      0.00         0
         UKO7FE4904)       0.00      0.00      0.00         0
          UKOGAP3654       0.00      0.00      0.00         0
          UP140J5436       0.00      0.00      0.00         0
          UP14CE0725       0.00      0.00      0.00         1
          UP14CJ5436       0.00      0.00      0.00         2
         UP14CJ5436}       0.00      0.00      0.00         0
          UP14CY5417       1.00      1.00      1.00         1
          UP14DH5125       0.00      0.00      0.00         1
         UP14DH5129'       0.00      0.00      0.00         0
         UP15A09422|       0.00      0.00      0.00         0
          UP15AQ9422       0.00      0.00      0.00         1
          UP15BK9620       0.00      0.00      0.00         1
          UP15BP5284       0.00      0.00      0.00         1
          UP15BS0404       1.00      1.00      1.00         1
          UP16AD8515       0.00      0.00      0.00         1
          UP16AE2077       0.00      0.00      0.00         2
         UP16AE2077)       0.00      0.00      0.00         0
          UP16AX4511       0.00      0.00      0.00         1
          UP16BC5173       1.00      0.50      0.67         2
         UP16BC5173)       0.00      0.00      0.00         0
          UP16BQ1477       0.00      0.00      0.00         1
          UP16BU9287       0.00      0.00      0.00         1
          UP16BW7154       1.00      1.00      1.00         1
          UP16BX0071       0.00      0.00      0.00         1
          UP16BY6913       0.00      0.00      0.00         1
          UP16C00907       0.00      0.00      0.00         0
          UP16CA5561       0.00      0.00      0.00         1
          UP16CE1415       0.00      0.00      0.00         1
         UP16CE1419}       0.00      0.00      0.00         0
          UP16CF3544       0.00      0.00      0.00         1
         UP16CF3544)       0.00      0.00      0.00         0
          UP16CF7716       0.00      0.00      0.00         1
          UP16CQ0907       0.00      0.00      0.00         1
          UP16CR3115       0.00      0.00      0.00         1
          UP16CX9170       0.00      0.00      0.00         1
          UP16DB3995       1.00      1.00      1.00         1
          UP16DC1862       1.00      1.00      1.00         1
          UP16DE2883       1.00      1.00      1.00         1
          UP16DH482"       0.00      0.00      0.00         0
          UP16DH8587       1.00      0.50      0.67         2
         UP16DH8587}       0.00      0.00      0.00         0
          UP16DM4821       0.00      0.00      0.00         1
          UP16DN7636       1.00      1.00      1.00         1
         UP18CF7716]       0.00      0.00      0.00         0
          UP20BA5991       1.00      1.00      1.00         1
          UP25AH3279       1.00      1.00      1.00         1
          UP32EW4387       0.00      0.00      0.00         2
         UP32EW43871       0.00      0.00      0.00         0
           UP37E4956       0.00      0.00      0.00         1
           UP38X4716       1.00      1.00      1.00         1
          UP65AM8907       0.00      0.00      0.00         1
          UP65AN8907       0.00      0.00      0.00         0
          UP70CQ1035       0.00      0.00      0.00         1
          UP70GJ5841       0.00      0.00      0.00         1
           UP74V5999       0.00      0.00      0.00         1
           UP74Y5993       0.00      0.00      0.00         0
         UP75:V_5305       0.00      0.00      0.00         0
           UP75V5305       0.00      0.00      0.00         1
          UP78HB9472       1.00      1.00      1.00         1
           UP79Y5062       0.00      0.00      0.00         1
          UP81BA6177       0.00      0.00      0.00         1
         UP81BA6177]       0.00      0.00      0.00         0
          UP93AH2452       0.00      0.00      0.00         0
          UP93AM2452       0.00      0.00      0.00         1
          UPI5BP5284       0.00      0.00      0.00         0
          UPIGCR3115       0.00      0.00      0.00         0
          UPSBKSE20)       0.00      0.00      0.00         0
          UPT6AX2541       0.00      0.00      0.00         0
         UPTECYOT170       0.00      0.00      0.00         0
          UR26CC6483       0.00      0.00      0.00         0
          VP14CEO725       0.00      0.00      0.00         0
           WB06F5977       0.00      0.00      0.00         2
          WH12DE1433       0.00      0.00      0.00         0
          WH14BK7310       0.00      0.00      0.00         0
       WI20:10.840BF       0.00      0.00      0.00         0
          WP79Y5062.       0.00      0.00      0.00         0
         YP16B01477)       0.00      0.00      0.00         0
          YP70C01035       0.00      0.00      0.00         0
         ~KLO7BF5000       0.00      0.00      0.00         0
               ————E       0.00      0.00      0.00         0
               —————       0.00      0.00      0.00         0
        ‘RIOICE1288)       0.00      0.00      0.00         0
        “AJIV5,IO27|       0.00      0.00      0.00         0
          “ANANTG.UE       0.00      0.00      0.00         0
           “KL310777       0.00      0.00      0.00         0
         “MH14EH7958       0.00      0.00      0.00         0
         “PL11CK0001       0.00      0.00      0.00         0
          ™A0ORD0.1)       0.00      0.00      0.00         0

            accuracy                           0.19       875
           macro avg       0.12      0.12      0.12       875
        weighted avg       0.21      0.19      0.20       875


Summary:
Total Images   : 875
Correctly Classified   : 167
Incorrectly Classified : 708
